0 0.493493493493 0.586586586587 0.348348348348 0.49049049049 0.635635635636 0.665665665666 0.666666666667 0.631631631632
0.493493493493 0 0.342342342342 0.315315315315 0.47047047047 0.49049049049 0.57957957958 0.586586586587 0.494494494494
0.586586586587 0.342342342342 0 0.496496496496 0.577577577578 0.305305305305 0.471471471471 0.486486486486 0.317317317317
0.348348348348 0.315315315315 0.496496496496 0 0.312312312312 0.571571571572 0.620620620621 0.640640640641 0.566566566567
0.49049049049 0.47047047047 0.577577577578 0.312312312312 0 0.631631631632 0.651651651652 0.674674674675 0.625625625626
0.635635635636 0.49049049049 0.305305305305 0.571571571572 0.631631631632 0 0.544544544545 0.53953953954 0.459459459459
0.665665665666 0.57957957958 0.471471471471 0.620620620621 0.651651651652 0.544544544545 0 0.468468468468 0.304304304304
0.666666666667 0.586586586587 0.486486486486 0.640640640641 0.674674674675 0.53953953954 0.468468468468 0 0.311311311311
0.631631631632 0.494494494494 0.317317317317 0.566566566567 0.625625625626 0.459459459459 0.304304304304 0.311311311311 0
